1 -0.107209 0.701115 0.093580 -0.698703 0.217581 -0.015995 0.003831 1 1634022662.612247600_rear.jpg

2 -0.110745 0.700733 0.096492 -0.698139 0.218188 -0.144877 0.011637 1 1634022663.212247500_rear.jpg

3 -0.116064 0.699757 0.102053 -0.697462 0.215373 -0.256386 0.005249 1 1634022663.612247600_rear.jpg

4 -0.120717 0.699286 0.105856 -0.696578 0.221508 -0.369862 0.009420 1 1634022664.012247600_rear.jpg

5 -0.124945 0.698572 0.109955 -0.695913 0.217170 -0.527792 0.008465 1 1634022664.452247600_rear.jpg

6 -0.122577 0.699123 0.107485 -0.696168 0.218463 -0.648073 0.004998 1 1634022664.852247600_rear.jpg

7 -0.125037 0.698917 0.108724 -0.695744 0.205808 -0.785256 0.006030 1 1634022665.252247600_rear.jpg

8 -0.122246 0.699414 0.106847 -0.696031 0.216200 -0.928546 0.006449 1 1634022665.652247600_rear.jpg

9 -0.120375 0.699230 0.103336 -0.697072 0.205384 -1.072985 0.023658 1 1634022666.252247600_rear.jpg

10 -0.118678 0.700075 0.102185 -0.696684 0.211435 -1.171922 0.017083 1 1634022667.052247600_rear.jpg

11 -0.117001 0.700184 0.099731 -0.697214 0.212214 -1.314108 0.025226 1 1634022668.252247600_rear.jpg

12 -0.112869 0.701394 0.095780 -0.697233 0.199839 -1.468695 0.037648 1 1634022668.852247600_rear.jpg

13 -0.110243 0.701295 0.091865 -0.698278 0.199787 -1.627190 0.058619 1 1634022669.492247600_rear.jpg

14 -0.109100 0.701912 0.091955 -0.697826 0.191480 -1.763141 0.054558 1 1634022669.892247600_rear.jpg

15 -0.109487 0.701847 0.091448 -0.697898 0.190550 -1.873753 0.056337 1 1634022670.292247600_rear.jpg

16 -0.110763 0.701658 0.092621 -0.697731 0.195937 -2.036165 0.045472 1 1634022670.892247600_rear.jpg

17 -0.111329 0.701844 0.092198 -0.697510 0.191425 -2.138543 0.053678 1 1634022671.292247600_rear.jpg

18 -0.115440 0.701541 0.095333 -0.696725 0.181627 -2.265388 0.029916 1 1634022671.692247600_rear.jpg

19 -0.115375 0.701467 0.095842 -0.696740 0.180993 -2.410309 0.028394 1 1634022672.092247600_rear.jpg

20 -0.116993 0.701316 0.097790 -0.696352 0.178164 -2.549492 0.019344 1 1634022672.492247600_rear.jpg

21 -0.118853 0.701126 0.098238 -0.696165 0.175577 -2.687294 0.017114 1 1634022672.892247600_rear.jpg

22 -0.120357 0.701199 0.099737 -0.695620 0.169552 -2.838400 -0.000706 1 1634022673.292247600_rear.jpg

23 -0.123025 0.700740 0.101872 -0.695307 0.166679 -2.990879 -0.016301 1 1634022673.732247600_rear.jpg

24 -0.123546 0.700711 0.102623 -0.695132 0.161164 -3.155010 -0.020079 1 1634022674.132247600_rear.jpg

25 -0.124488 0.700359 0.102435 -0.695346 0.154380 -3.324403 -0.018277 1 1634022674.532247600_rear.jpg

26 -0.125027 0.700801 0.102793 -0.694751 0.149809 -3.528240 -0.029232 1 1634022674.932247500_rear.jpg

27 -0.125080 0.700931 0.103216 -0.694549 0.149331 -3.726034 -0.030059 1 1634022675.332247600_rear.jpg

28 -0.126222 0.700192 0.102527 -0.695189 0.141358 -3.910468 -0.013285 1 1634022675.732247500_rear.jpg

29 -0.124413 0.700829 0.100781 -0.695129 0.138278 -4.101134 0.001272 1 1634022676.132247600_rear.jpg

30 -0.127328 0.700712 0.102830 -0.694418 0.127796 -4.289551 -0.032756 1 1634022676.532247600_rear.jpg

31 -0.127034 0.700793 0.102224 -0.694479 0.121164 -4.466198 -0.020098 1 1634022676.932247600_rear.jpg

32 -0.127171 0.700811 0.102596 -0.694382 0.119396 -4.646684 -0.021746 1 1634022677.332247600_rear.jpg

33 -0.130944 0.700564 0.105260 -0.693531 0.101851 -4.828318 -0.074780 1 1634022677.732247500_rear.jpg

34 -0.132510 0.700490 0.106906 -0.693055 0.095954 -5.000165 -0.092713 1 1634022678.132247600_rear.jpg

41 -0.133456 0.700952 0.108032 -0.692232 0.083655 -5.195117 -0.103445 1 1634022678.572247500_rear.jpg

36 -0.136253 0.700263 0.110043 -0.692068 0.084492 -5.337361 -0.138567 1 1634022678.972247600_rear.jpg

37 -0.136944 0.700299 0.110524 -0.691818 0.081219 -5.510599 -0.151349 1 1634022679.372247600_rear.jpg

38 -0.139113 0.700015 0.112480 -0.691357 0.078380 -5.667930 -0.180076 1 1634022679.772247600_rear.jpg

39 -0.139428 0.699557 0.112673 -0.691726 0.073728 -5.830669 -0.176597 1 1634022680.172247600_rear.jpg

40 -0.141079 0.699920 0.112272 -0.691088 0.047896 -6.003445 -0.186446 1 1634022680.572247500_rear.jpg

35 -0.140170 0.699662 0.113664 -0.691308 0.066061 -6.109630 -0.188415 1 1634022680.772247600_rear.jpg

42 -0.143411 0.700007 0.114137 -0.690215 0.033988 -6.212554 -0.215454 1 1634022680.972247600_rear.jpg

43 -0.143276 0.699994 0.115185 -0.690081 0.038000 -6.313514 -0.229277 1 1634022681.172247600_rear.jpg

44 -0.141453 0.700089 0.113839 -0.690584 0.042968 -6.438663 -0.193040 1 1634022681.372247600_rear.jpg

45 -0.143093 0.699335 0.115645 -0.690710 0.042900 -6.626757 -0.224348 1 1634022681.772247600_rear.jpg

46 -0.138477 0.700272 0.111886 -0.691321 0.040556 -6.739674 -0.146444 1 1634022681.972247600_rear.jpg

47 -0.139299 0.700533 0.111167 -0.691007 0.024798 -6.848552 -0.153333 1 1634022682.172247600_rear.jpg

48 -0.135873 0.701246 0.108038 -0.691463 0.019834 -6.955668 -0.089091 1 1634022682.372247600_rear.jpg

49 -0.134392 0.701456 0.105286 -0.691964 0.015487 -7.064110 -0.043468 1 1634022682.572247500_rear.jpg

50 -0.132441 0.701412 0.104583 -0.692490 0.024253 -7.175165 -0.020620 1 1634022682.772247600_rear.jpg

51 -0.126177 0.703234 0.097638 -0.692826 0.011283 -7.378866 0.106322 1 1634022683.212247600_rear.jpg

52 -0.123896 0.704255 0.094533 -0.692632 0.000120 -7.488523 0.154970 1 1634022683.412247500_rear.jpg

53 -0.119390 0.705100 0.089574 -0.693222 -0.004747 -7.651035 0.256076 1 1634022683.812247600_rear.jpg

54 -0.115635 0.706409 0.084180 -0.693202 -0.029157 -7.825659 0.351131 1 1634022684.212247600_rear.jpg

55 -0.110233 0.707647 0.079462 -0.693376 -0.032450 -7.992650 0.458127 1 1634022684.612247600_rear.jpg

56 -0.108903 0.707331 0.078797 -0.693984 -0.029983 -8.129301 0.491991 1 1634022685.012247600_rear.jpg

57 -0.104030 0.707840 0.074033 -0.694736 -0.030106 -8.226247 0.603105 1 1634022686.012247600_rear.jpg

58 -0.099817 0.708017 0.069376 -0.695654 -0.026140 -8.320674 0.712654 1 1634022686.812247600_rear.jpg

59 -0.099645 0.706631 0.066588 -0.697359 -0.020492 -8.432564 0.742951 1 1634022687.612247600_rear.jpg

60 -0.098970 0.708463 0.066841 -0.695570 -0.047582 -8.556173 0.745809 1 1634022688.052247600_rear.jpg

61 -0.100950 0.708289 0.068094 -0.695341 -0.055812 -8.699632 0.706786 1 1634022688.652247600_rear.jpg

62 -0.102673 0.708154 0.070085 -0.695028 -0.065455 -8.851937 0.667555 1 1634022689.252247600_rear.jpg

63 -0.102018 0.707445 0.069299 -0.695925 -0.067128 -9.011247 0.695328 1 1634022689.852247600_rear.jpg

64 -0.101898 0.707237 0.069404 -0.696143 -0.062265 -9.156812 0.694312 1 1634022690.452247600_rear.jpg

65 -0.103864 0.706520 0.070422 -0.696479 -0.075907 -9.292999 0.656135 1 1634022690.852247600_rear.jpg

66 -0.100543 0.707006 0.067528 -0.696760 -0.092371 -9.474261 0.739055 1 1634022691.252247600_rear.jpg

67 -0.101013 0.707181 0.070347 -0.696234 -0.052820 -9.641623 0.695490 1 1634022691.652247500_rear.jpg

68 -0.099932 0.707352 0.070243 -0.696228 -0.044475 -9.801635 0.706232 1 1634022692.052247600_rear.jpg

69 -0.101132 0.706665 0.071938 -0.696578 -0.043200 -10.005236 0.671814 1 1634022692.492247600_rear.jpg

70 -0.103875 0.707518 0.069578 -0.695548 -0.117230 -10.117546 0.667343 1 1634022692.692247600_rear.jpg

71 -0.104685 0.707215 0.071395 -0.695551 -0.108640 -10.314836 0.640142 1 1634022693.092247600_rear.jpg

72 -0.102717 0.707001 0.071897 -0.696011 -0.079294 -10.420720 0.663426 1 1634022693.292247500_rear.jpg

73 -0.104273 0.707198 0.071209 -0.695649 -0.118275 -10.524777 0.649436 1 1634022693.492247600_rear.jpg

74 -0.103125 0.707582 0.069736 -0.695579 -0.126454 -10.627624 0.693369 1 1634022693.692247600_rear.jpg

75 -0.104152 0.707200 0.071350 -0.695651 -0.114706 -10.837007 0.651413 1 1634022694.092247600_rear.jpg

76 -0.102438 0.707698 0.067671 -0.695766 -0.148865 -10.948534 0.737394 1 1634022694.292247500_rear.jpg

77 -0.103918 0.707469 0.068922 -0.695657 -0.156484 -11.064483 0.699944 1 1634022694.492247600_rear.jpg

78 -0.105924 0.707218 0.070925 -0.695408 -0.152090 -11.188388 0.638494 1 1634022694.692247600_rear.jpg

79 -0.108370 0.706614 0.072202 -0.695514 -0.173216 -11.411833 0.579400 1 1634022695.092247600_rear.jpg

80 -0.106794 0.706614 0.070837 -0.695897 -0.172324 -11.529450 0.635080 1 1634022695.292247500_rear.jpg

81 -0.111567 0.705851 0.075437 -0.695440 -0.177286 -11.658326 0.477492 1 1634022695.492247600_rear.jpg

82 -0.111609 0.706361 0.075577 -0.694900 -0.187970 -11.765048 0.478127 1 1634022695.692247600_rear.jpg

83 -0.121469 0.705296 0.083385 -0.693433 -0.217061 -11.968817 0.183646 1 1634022696.092247600_rear.jpg

84 -0.121652 0.704540 0.085634 -0.693895 -0.187629 -12.076497 0.153247 1 1634022696.292247500_rear.jpg

85 -0.126773 0.703307 0.089075 -0.693797 -0.214250 -12.184901 0.013690 1 1634022696.492247600_rear.jpg

86 -0.128637 0.703227 0.090490 -0.693352 -0.220712 -12.294387 -0.043978 1 1634022696.692247600_rear.jpg

87 -0.129519 0.703446 0.090657 -0.692943 -0.232997 -12.402657 -0.063700 1 1634022696.892247600_rear.jpg

88 -0.132495 0.702614 0.094779 -0.692673 -0.217806 -12.536115 -0.187105 1 1634022697.092247600_rear.jpg

89 -0.138047 0.701881 0.098966 -0.691746 -0.243064 -12.665302 -0.357854 1 1634022697.332247600_rear.jpg

90 -0.140011 0.701676 0.100783 -0.691297 -0.247614 -12.791459 -0.427344 1 1634022697.532247600_rear.jpg

91 -0.141332 0.701823 0.101788 -0.690731 -0.258829 -12.919783 -0.469923 1 1634022697.732247600_rear.jpg

92 -0.142636 0.701049 0.103995 -0.690920 -0.238313 -13.045943 -0.529625 1 1634022697.932247600_rear.jpg

93 -0.146594 0.700519 0.107192 -0.690140 -0.254142 -13.173379 -0.664230 1 1634022698.132247600_rear.jpg

94 -0.145665 0.700602 0.106793 -0.690315 -0.251933 -13.290820 -0.638307 1 1634022698.332247600_rear.jpg

95 -0.147333 0.700714 0.107502 -0.689737 -0.268637 -13.414726 -0.684593 1 1634022698.532247600_rear.jpg

96 -0.147994 0.700972 0.107139 -0.689389 -0.290331 -13.546840 -0.691892 1 1634022698.732247600_rear.jpg

97 -0.147385 0.701331 0.106372 -0.689273 -0.303962 -13.680540 -0.664518 1 1634022698.932247600_rear.jpg

98 -0.145129 0.703306 0.107097 -0.687626 -0.276348 -13.831364 -0.629116 1 1634022699.132247600_rear.jpg

99 -0.142786 0.702574 0.102317 -0.689589 -0.310381 -13.966472 -0.484396 1 1634022699.332247600_rear.jpg

100 -0.140687 0.702752 0.101426 -0.689970 -0.280721 -14.094896 -0.432909 1 1634022699.532247600_rear.jpg

101 -0.136269 0.704429 0.096923 -0.689794 -0.291918 -14.228352 -0.256737 1 1634022699.732247600_rear.jpg

102 -0.134846 0.705335 0.094233 -0.689521 -0.330297 -14.366147 -0.179454 1 1634022699.932247600_rear.jpg

